 b = [[0,0,0,0,1,0], [1,0,0,1,0,1], [0,0,1,0,0,1], [1,0,0,1,0,0],[1,1,0,0,1,0], [0,1,1,1,1,0],
                [0,0,0,1,1,0], [1,0,0,0,0,1], [1,0,0,1,1,0], [0,1,1,0,0,1], [1,0,0,0,1,0], [0,1,0,0,0,1],
                 [0,0,1,1,1,1], [0,1,1,0,1,0], [1,1,0,0,0,1], [0,0,0,0,1,1], [0,1,0,0,1,0], [0,0,1,1,0,1],
                [1,1,0,1,0,0], [0,0,1,1,0,0], [1,1,1,1,0,1], [0,1,1,1,0,1], [0,1,1,0,1,1], [1,1,1,1,1,1],
                [1,1,0,1,0,1], [1,0,1,1,0,1], [0,1,0,1,1,1], [0,0,0,1,1,1], [1,1,1,0,0,1], [1,0,0,1,1,1], 
                 [1,0,1,0,1,1], [1,0,1,1,0,0], [0,0,1,0,1,0], [0,0,0,1,0,1],[1,0,0,0,1,1], [1,1,0,1,1,1], 
                 [1,0,1,1,1,0], [1,0,1,0,1,0], [0,1,0,0,1,1], [1,1,1,0,1,1], [1,0,1,0,0,1], [0,0,1,1,1,0], [1,0,1,1,1,1],  
                 [0,1,1,0,0,0], [1,0,0,0,0,0], [0, 0, 0, 0, 0, 0]]
            a = ['অ', 'আ', 'ই', 'ঈ', 'উ', 'ঊ', 'এ', 'ঐ', 'ও', 'ঔ', 'ক', খ', 'গ', 'ঘ',
                                            'ঙ', 'চ', 'ছ', 'জ', 'ঝ', 'ঞ', 'ট', 'ঠ', 'ড', 'ঢ', 'ণ', 'ত','থ', 'দ', 'ধ', 
                                            'ন', 'প', 'ফ', 'ব', 'ভ', 'ম', 'য', 'র', 'ল', 'শ', 'ষ', 'স', 'হ', 'ক্ষ', 'য়', 'ঁ','space']